# ------------------------------------------------------------------------
# NASA-GSFC Planetary Spectrum Generator (PSG, Villanueva et al. 2018)
# Atmospheric transmittance spectrum synthesized with PUMAS (Villanueva et al. 2018, Smith et al. 2009, Edwards 1992)
# Synthesized on Mon May 24 12:17:44 2021
# Molecular abundance profile: 
# Molecules considered: H2,C2H6,NH3,CO2,O3,CH4,N2,H2S,N2O,O2,H2O,PH3
# Molecular sources: HIT[45],HIT[27],HIT[11],HIT[2],HIT[3],HIT[6],HIT[22],HIT[31],HIT[4],HIT[7],HIT[1],HIT[28]
# Molecular abundances: 1,1,1,1,1,1,1,1,1,1,1,1
# Molecular abundance units: scl,scl,scl,scl,scl,scl,scl,scl,scl,scl,scl,scl
# Collissional partners: Air:82%, H2:15%, He:0%, CO2:3%
# UV cross-sections included:  H2 C2H6 NH3 CO2 O3 CH4 N2 H2S N2O O2 H2O PH3
# Collision-Induced-Absorption:  CO2-CO2  H2-H2  N2-H2O  N2-N2  O2-CO2  O2-N2  O2-O2 
# Rayleigh scattering included
# ------------------------------------------------------------------------
# Spectral unit: Wavelength [um]
# Wave/freq Total H2 C2H6 NH3 CO2 O3 CH4 N2 H2S N2O O2 H2O PH3 Rayleigh CIA
7.000000000e-01  0.12147  1.00000  1.00000  1.00000  1.00000  0.14180  0.99722  1.00000  1.00000  1.00000  1.00000  0.86819  1.00000  0.99278  1.00000
7.070000000e-01  0.00000  1.00000  1.00000  1.00000  1.00000  0.00000  0.99716  1.00000  1.00000  1.00000  1.00000  0.94924  1.00000  0.99306  1.00000
7.140700000e-01  0.00000  1.00000  1.00000  1.00000  0.99999  0.00000  0.99662  1.00000  1.00000  1.00000  1.00000  0.95655  1.00000  0.99333  1.00000
7.212107000e-01  0.00000  1.00000  1.00000  1.00000  0.99999  0.00000  0.97843  1.00000  1.00000  1.00000  1.00000  0.70850  1.00000  0.99359  1.00000
7.284228070e-01  0.00000  1.00000  1.00000  1.00000  1.00000  0.00000  0.95834  1.00000  1.00000  1.00000  1.00000  0.72778  1.00000  0.99384  1.00000
7.357070351e-01  0.00000  1.00000  1.00000  1.00000  1.00000  0.00000  0.99067  1.00000  1.00000  1.00000  1.00000  0.91745  1.00000  0.99408  1.00000
7.430641054e-01  0.00000  1.00000  1.00000  1.00000  1.00000  0.00000  0.99940  1.00000  1.00000  1.00000  1.00000  0.99690  1.00000  0.99431  0.99999
7.504947465e-01  0.00000  1.00000  1.00000  1.00000  1.00000  0.00000  0.99983  1.00000  1.00000  1.00000  0.99981  0.99910  1.00000  0.99453  0.99996
7.579996939e-01  0.00000  1.00000  1.00000  1.00000  1.00000  0.00000  0.99934  1.00000  1.00000  1.00000  0.99256  0.99910  1.00000  0.99474  0.99986
7.655796909e-01  0.00000  1.00000  1.00000  1.00000  1.00000  0.00000  0.99796  1.00000  1.00000  1.00000  0.92280  0.99992  1.00000  0.99495  0.99985
7.732354878e-01  0.00000  1.00000  1.00000  1.00000  1.00000  0.00000  0.99674  1.00000  1.00000  1.00000  1.00000  0.99998  1.00000  0.99514  0.99998
7.809678427e-01  0.00000  1.00000  1.00000  1.00000  0.99995  0.00000  0.99109  1.00000  1.00000  1.00000  1.00000  0.99909  1.00000  0.99533  1.00000
7.887775211e-01  0.00000  1.00000  1.00000  1.00000  0.99997  0.00000  0.99098  1.00000  1.00000  1.00000  1.00000  0.97268  1.00000  0.99552  1.00000
7.966652963e-01  0.00000  1.00000  1.00000  1.00000  1.00000  0.00000  0.98713  1.00000  1.00000  1.00000  1.00000  0.90970  1.00000  0.99569  1.00000
8.046319493e-01  0.00000  1.00000  1.00000  1.00000  1.00000  0.00000  0.99206  1.00000  1.00000  1.00000  1.00000  0.92397  1.00000  0.99586  1.00000
8.126782688e-01  0.00000  1.00000  1.00000  1.00000  1.00000  0.00000  0.99697  1.00000  1.00000  1.00000  1.00000  0.93053  1.00000  0.99602  1.00000
8.208050514e-01  0.00000  1.00000  1.00000  1.00000  1.00000  0.00000  0.99934  1.00000  1.00000  1.00000  1.00000  0.61064  1.00000  0.99617  1.00000
8.290131020e-01  0.00000  1.00000  1.00000  1.00000  1.00000  0.00000  0.99974  1.00000  1.00000  1.00000  1.00000  0.79748  1.00000  0.99632  1.00000
8.373032330e-01  0.00000  1.00000  1.00000  1.00000  1.00000  0.00000  0.99324  1.00000  1.00000  1.00000  1.00000  0.97251  1.00000  0.99647  1.00000
8.456762653e-01  0.00000  1.00000  1.00000  1.00000  1.00000  0.00000  0.99473  1.00000  1.00000  1.00000  1.00000  0.94833  1.00000  0.99660  1.00000
8.541330280e-01  0.00000  1.00000  1.00000  1.00000  1.00000  0.00000  0.98716  1.00000  1.00000  1.00000  1.00000  0.97999  1.00000  0.99674  1.00000
8.626743582e-01  0.00000  1.00000  1.00000  1.00000  1.00000  0.00000  0.94946  1.00000  1.00000  1.00000  1.00000  0.99927  1.00000  0.99686  1.00000
8.713011018e-01  0.00023  1.00000  1.00000  1.00000  0.99979  0.00024  0.96695  1.00000  1.00000  1.00000  1.00000  0.99992  1.00000  0.99699  1.00000
8.800141128e-01  0.00023  1.00000  1.00000  1.00000  0.99999  0.00024  0.82207  1.00000  1.00000  1.00000  1.00000  0.99876  1.00000  0.99710  1.00000
8.888142540e-01  0.00001  1.00000  1.00000  1.00000  1.00000  0.00002  0.47818  1.00000  0.99998  1.00000  1.00000  0.98771  1.00000  0.99722  1.00000
8.977023965e-01  0.00000  1.00000  1.00000  1.00000  1.00000  0.00000  0.63894  1.00000  0.99865  1.00000  1.00000  0.84257  1.00000  0.99732  0.99999
9.066794205e-01  0.00152  1.00000  1.00000  1.00000  1.00000  0.00264  0.92585  1.00000  0.97218  1.00000  1.00000  0.58640  1.00000  0.99743  0.99999
9.157462147e-01  0.03053  1.00000  1.00000  1.00000  1.00000  0.04591  0.97954  1.00000  0.98903  1.00000  1.00000  0.66404  1.00000  0.99753  0.99998
9.249036768e-01  0.03739  1.00000  1.00000  1.00000  0.99996  0.04589  0.99669  1.00000  0.99952  1.00000  1.00000  0.81053  1.00000  0.99762  0.99998
9.341527136e-01  0.01606  1.00000  1.00000  1.00000  0.99996  0.02581  0.99951  1.00000  1.00000  1.00000  1.00000  0.46045  1.00000  0.99772  0.99999
9.434942407e-01  0.00083  1.00000  1.00000  1.00000  0.99999  0.00146  0.99830  1.00000  1.00000  1.00000  1.00000  0.16104  1.00000  0.99781  1.00000
9.529291831e-01  0.01860  1.00000  1.00000  1.00000  1.00000  0.03189  0.99042  1.00000  1.00000  1.00000  1.00000  0.49274  1.00000  0.99789  1.00000
9.624584750e-01  0.10675  1.00000  1.00000  0.99982  1.00000  0.19537  0.97001  1.00000  1.00000  1.00000  1.00000  0.57670  1.00000  0.99797  1.00000
9.720830597e-01  0.34952  1.00000  1.00000  0.99282  1.00000  0.58380  0.91566  1.00000  1.00000  1.00000  1.00000  0.64967  1.00000  0.99805  1.00000
9.818038903e-01  0.41925  1.00000  1.00000  0.93469  1.00000  0.55771  0.88459  1.00000  1.00000  1.00000  1.00000  0.91280  1.00000  0.99813  1.00000
9.916219292e-01  0.04171  1.00000  1.00000  0.88925  1.00000  0.05528  0.83332  1.00000  0.99987  0.99999  1.00000  0.99233  1.00000  0.99820  1.00000
1.001538149e+00  0.28566  1.00000  1.00000  0.89195  1.00000  0.39770  0.81632  1.00000  0.98472  0.99999  1.00000  0.98616  1.00000  0.99827  1.00000
1.011553530e+00  0.55102  1.00000  1.00000  0.88522  1.00000  0.77243  0.85209  1.00000  0.96826  0.99999  1.00000  0.95263  1.00000  0.99834  1.00000
1.021669065e+00  0.45507  1.00000  1.00000  0.56130  1.00000  0.91841  0.90921  1.00000  0.98906  0.99999  1.00000  0.97382  1.00000  0.99840  1.00000
1.031885756e+00  0.31179  1.00000  1.00000  0.33957  1.00000  0.96481  0.96136  1.00000  0.99815  1.00000  1.00000  0.99654  1.00000  0.99847  1.00000
1.042204614e+00  0.30485  1.00000  1.00000  0.63910  0.99927  0.53739  0.98549  1.00000  0.99965  1.00000  1.00000  0.99972  1.00000  0.99853  0.99992
1.052626660e+00  0.62796  1.00000  1.00000  0.90709  0.99787  0.68599  0.99760  1.00000  0.99997  0.99999  1.00000  0.99997  1.00000  0.99858  0.99976
1.063152926e+00  0.97529  1.00000  1.00000  0.97806  0.99957  0.99946  1.00000  1.00000  1.00000  1.00000  0.99999  0.99987  1.00000  0.99864  0.99955
1.073784456e+00  0.96422  1.00000  1.00000  0.96790  0.99987  1.00000  1.00000  1.00000  1.00000  0.99999  0.99998  0.99734  1.00000  0.99869  0.99975
1.084522300e+00  0.94514  1.00000  1.00000  0.96739  1.00000  1.00000  0.99966  1.00000  1.00000  1.00000  1.00000  0.97467  1.00000  0.99874  0.99992
1.095367523e+00  0.87673  1.00000  1.00000  0.97515  0.99998  1.00000  0.99624  1.00000  1.00000  1.00000  1.00000  0.89623  1.00000  0.99879  0.99996
1.106321198e+00  0.68823  1.00000  1.00000  0.99306  0.99999  1.00000  0.98840  1.00000  1.00000  0.99999  1.00000  0.69367  1.00000  0.99884  0.99996
1.117384410e+00  0.59638  1.00000  1.00000  0.99972  0.99989  1.00000  0.92925  1.00000  1.00000  0.99998  1.00000  0.61206  1.00000  0.99888  0.99994
1.128558254e+00  0.09060  1.00000  1.00000  1.00000  0.99992  1.00000  0.82733  1.00000  1.00000  0.99994  1.00000  0.09735  1.00000  0.99893  0.99992
1.139843837e+00  0.10783  1.00000  1.00000  1.00000  0.99991  1.00000  0.85894  1.00000  1.00000  0.99986  1.00000  0.11750  1.00000  0.99897  0.99993
1.151242275e+00  0.34823  1.00000  1.00000  0.99930  0.99997  1.00000  0.79286  1.00000  1.00000  0.99987  1.00000  0.43826  1.00000  0.99901  0.99990
1.162754698e+00  0.63739  0.99998  1.00000  0.97993  1.00000  1.00000  0.68143  1.00000  1.00000  1.00000  1.00000  0.91675  1.00000  0.99905  0.99990
1.174382245e+00  0.63614  1.00000  1.00000  0.83129  1.00000  1.00000  0.79762  1.00000  1.00000  1.00000  1.00000  0.86964  1.00000  0.99908  0.99994
1.186126067e+00  0.52583  0.99998  1.00000  0.72971  1.00000  1.00000  0.89410  1.00000  1.00000  1.00000  1.00000  0.67548  1.00000  0.99912  0.99993
1.197987328e+00  0.46098  1.00000  1.00000  0.57180  0.99793  1.00000  0.95397  1.00000  1.00000  1.00000  1.00000  0.70401  1.00000  0.99915  0.99990
1.209967201e+00  0.28539  1.00000  1.00000  0.29831  0.95952  1.00000  0.98502  1.00000  1.00000  0.99999  1.00000  0.84633  1.00000  0.99919  0.99990
1.222066873e+00  0.31595  1.00000  1.00000  0.32185  0.97081  1.00000  0.99506  1.00000  1.00000  0.99997  1.00000  0.91572  1.00000  0.99922  0.99986
1.234287542e+00  0.67635  1.00000  1.00000  0.68015  0.99912  1.00000  0.99545  1.00000  1.00000  0.99998  1.00000  0.99381  1.00000  0.99925  0.99974
1.246630418e+00  0.90157  0.99999  1.00000  0.90436  0.99986  1.00000  0.99823  1.00000  0.99997  0.99999  0.99998  0.99957  1.00000  0.99928  0.99954
1.259096722e+00  0.79023  1.00000  1.00000  0.79353  0.99965  1.00000  0.99916  1.00000  0.99811  0.99994  0.99917  0.99600  1.00000  0.99931  0.99900
1.271687689e+00  0.60269  1.00000  1.00000  0.61416  0.99983  1.00000  0.99820  1.00000  0.95487  0.99553  0.99311  0.99653  1.00000  0.99933  0.99905
1.284404566e+00  0.54111  1.00000  1.00000  0.66755  0.99992  1.00000  0.99982  1.00000  0.76232  0.83790  0.99993  0.99716  1.00000  0.99936  0.99973
1.297248612e+00  0.39356  1.00000  1.00000  0.41610  0.99686  1.00000  0.99884  1.00000  0.83193  0.99373  1.00000  0.98960  1.00000  0.99938  0.99991
1.310221098e+00  0.33195  1.00000  1.00000  0.37166  0.99893  1.00000  0.96223  1.00000  0.76090  0.99999  1.00000  0.91643  1.00000  0.99941  0.99997
1.323323309e+00  0.35204  1.00000  1.00000  0.50700  0.99048  1.00000  0.75087  1.00000  0.68489  1.00000  1.00000  0.73594  1.00000  0.99943  0.99999
1.336556542e+00  0.32467  1.00000  1.00000  0.78884  0.99686  1.00000  0.64907  1.00000  0.83394  1.00000  1.00000  0.42365  1.00000  0.99945  1.00000
1.349922107e+00  0.23603  1.00000  1.00000  0.92552  0.99847  1.00000  0.47548  1.00000  0.87635  0.99999  1.00000  0.36858  1.00000  0.99948  1.00000
1.363421328e+00  0.00709  1.00000  1.00000  0.99992  0.99995  1.00000  0.28075  1.00000  0.95327  0.99999  1.00000  0.01231  1.00000  0.99950  1.00000
1.377055541e+00  0.00003  1.00000  1.00000  1.00000  0.99969  1.00000  0.38331  1.00000  0.99911  0.99995  1.00000  0.00006  1.00000  0.99952  1.00000
1.390826097e+00  0.00000  1.00000  1.00000  1.00000  0.99998  1.00000  0.30044  1.00000  0.99997  0.93953  1.00000  0.00000  1.00000  0.99953  1.00000
1.404734358e+00  0.01570  1.00000  1.00000  1.00000  0.99999  1.00000  0.24343  1.00000  1.00000  0.93639  1.00000  0.03024  1.00000  0.99955  1.00000
1.418781701e+00  0.27858  1.00000  1.00000  1.00000  0.99999  1.00000  0.49947  1.00000  1.00000  0.99887  1.00000  0.40864  1.00000  0.99957  1.00000
1.432969518e+00  0.19995  1.00000  1.00000  0.88482  0.72968  0.99583  0.75116  1.00000  1.00000  0.99970  1.00000  0.24587  1.00000  0.99959  1.00000
1.447299214e+00  0.04836  1.00000  1.00000  0.34513  0.96455  0.99988  0.82193  1.00000  1.00000  0.99893  1.00000  0.07988  1.00000  0.99960  1.00000
1.461772206e+00  0.04105  1.00000  1.00000  0.26162  0.99914  1.00000  0.87547  1.00000  1.00000  0.94563  1.00000  0.08821  1.00000  0.99962  1.00000
1.476389928e+00  0.04548  1.00000  1.00000  0.11913  0.98346  0.99961  0.87269  1.00000  1.00000  0.99812  1.00000  0.31981  1.00000  0.99963  1.00000
1.491153827e+00  0.00838  1.00000  1.00000  0.01138  0.99745  0.99211  0.96617  1.00000  1.00000  0.99963  1.00000  0.64728  1.00000  0.99965  1.00000
1.506065365e+00  0.00094  1.00000  1.00000  0.00096  0.99808  0.99961  0.98478  1.00000  1.00000  0.99989  1.00000  0.89837  1.00000  0.99966  1.00000
1.521126019e+00  0.00223  1.00000  1.00000  0.00260  0.99963  0.98420  0.99281  1.00000  0.99979  0.54880  1.00000  0.98804  1.00000  0.99967  1.00000
1.536337279e+00  0.10039  1.00000  1.00000  0.10145  0.95633  0.99876  0.99667  1.00000  0.99574  0.97144  1.00000  0.98167  1.00000  0.99969  1.00000
1.551700652e+00  0.47001  1.00000  1.00000  0.48399  0.99692  0.99997  0.99694  1.00000  0.93675  0.99970  1.00000  0.96815  1.00000  0.99970  1.00000
1.567217659e+00  0.34765  1.00000  1.00000  0.55721  0.93865  0.94907  0.99719  1.00000  0.54359  0.89635  1.00000  0.97908  1.00000  0.99971  1.00000
1.582889835e+00  0.08131  1.00000  1.00000  0.68782  0.88541  0.95265  0.99930  1.00000  0.10043  0.87559  1.00000  0.98947  1.00000  0.99972  1.00000
1.598718733e+00  0.13841  1.00000  1.00000  0.98019  0.89033  0.99096  0.99955  1.00000  0.14923  0.92172  1.00000  0.99005  1.00000  0.99973  1.00000
1.614705921e+00  0.57281  1.00000  1.00000  0.99999  0.91010  0.99727  0.99091  1.00000  0.62198  0.91642  1.00000  0.98770  1.00000  0.99974  1.00000
1.630852980e+00  0.62501  1.00000  1.00000  1.00000  0.98832  0.94687  0.70921  1.00000  0.83173  0.99240  1.00000  0.99575  1.00000  0.99975  0.99999
1.647161510e+00  0.36125  1.00000  1.00000  1.00000  0.95991  0.98063  0.38675  1.00000  0.84246  0.99910  1.00000  0.98543  1.00000  0.99976  0.99999
1.663633125e+00  0.30679  1.00000  1.00000  1.00000  0.99602  0.99723  0.33702  1.00000  0.91300  0.90876  1.00000  0.99744  1.00000  0.99977  0.99999
1.680269456e+00  0.39341  1.00000  1.00000  1.00000  0.99926  0.98531  0.53722  1.00000  0.99057  0.64301  1.00000  0.99973  1.00000  0.99978  0.99999
1.697072151e+00  0.28799  1.00000  1.00000  1.00000  0.99979  0.98255  0.34703  1.00000  0.99659  0.67883  1.00000  0.99951  1.00000  0.99979  0.99999
1.714042872e+00  0.11396  1.00000  1.00000  1.00000  0.99961  0.99834  0.11870  1.00000  0.98754  0.95962  1.00000  0.99792  1.00000  0.99980  0.99998
1.731183301e+00  0.22209  1.00000  1.00000  1.00000  0.99996  0.84398  0.24234  1.00000  0.98846  0.95808  1.00000  0.99385  1.00000  0.99981  0.99998
1.748495134e+00  0.58765  1.00000  1.00000  1.00000  0.99999  0.98912  0.59567  1.00000  0.99730  0.99103  1.00000  0.94910  1.00000  0.99981  0.99997
1.765980085e+00  0.33362  1.00000  1.00000  1.00000  1.00000  0.87930  0.41098  1.00000  0.99996  0.76085  1.00000  0.92654  1.00000  0.99982  0.99997
1.783639886e+00  0.18279  1.00000  1.00000  1.00000  1.00000  0.99076  0.21748  1.00000  1.00000  0.74711  1.00000  0.81154  1.00000  0.99983  0.99996
1.801476285e+00  0.29172  1.00000  1.00000  1.00000  1.00000  0.88238  0.43422  1.00000  0.99999  0.95828  1.00000  0.64737  1.00000  0.99983  0.99994
1.819491048e+00  0.27266  1.00000  1.00000  1.00000  1.00000  0.72454  0.71363  1.00000  0.99980  0.94449  1.00000  0.39022  1.00000  0.99984  0.99992
1.837685958e+00  0.01259  1.00000  1.00000  1.00000  1.00000  0.99790  0.74463  1.00000  0.99723  0.99998  1.00000  0.01319  1.00000  0.99985  0.99990
1.856062818e+00  0.00000  1.00000  1.00000  1.00000  0.99878  0.99982  0.72793  1.00000  0.97436  1.00000  1.00000  0.00000  1.00000  0.99985  0.99986
1.874623446e+00  0.00000  1.00000  1.00000  0.99860  0.98243  0.96750  0.95411  1.00000  0.84698  1.00000  1.00000  0.00000  1.00000  0.99986  0.99981
1.893369681e+00  0.00010  1.00000  1.00000  0.97193  0.96547  0.60359  0.97958  1.00000  0.47501  1.00000  1.00000  0.00029  1.00000  0.99986  0.99975
1.912303377e+00  0.00153  1.00000  1.00000  0.82573  0.99991  0.99133  0.92435  1.00000  0.20376  0.99995  1.00000  0.01734  1.00000  0.99987  0.99968
1.931426411e+00  0.00229  1.00000  1.00000  0.36665  0.98867  1.00000  0.88655  1.00000  0.00848  0.98383  1.00000  0.22663  1.00000  0.99987  0.99959
1.950740675e+00  0.00050  1.00000  1.00000  0.01925  0.79518  0.98392  0.92548  1.00000  0.01590  0.71624  1.00000  0.50310  1.00000  0.99988  0.99947
1.970248082e+00  0.00005  1.00000  1.00000  0.00033  0.41271  0.72256  0.96734  1.00000  0.15166  0.49534  1.00000  0.70000  1.00000  0.99988  0.99932
1.989950563e+00  0.00050  1.00000  1.00000  0.00412  0.91715  0.93842  0.99101  1.00000  0.46805  0.33644  1.00000  0.86139  1.00000  0.99989  0.99911
2.009850068e+00  0.00708  1.00000  1.00000  0.05677  0.18222  0.97495  0.99831  1.00000  0.35137  0.56009  1.00000  0.97571  1.00000  0.99989  0.99882
2.029948569e+00  0.09973  1.00000  1.00000  0.31589  0.75071  0.56831  0.99988  1.00000  0.43058  0.74328  1.00000  0.95551  1.00000  0.99990  0.99848
2.050248055e+00  0.10986  1.00000  1.00000  0.50154  0.54037  0.35168  1.00000  1.00000  0.57880  0.78754  1.00000  0.98755  1.00000  0.99990  0.99801
2.070750535e+00  0.43367  1.00000  1.00000  0.88598  0.48283  0.97327  1.00000  1.00000  0.93958  0.99732  1.00000  0.92769  1.00000  0.99990  0.99726
2.091458041e+00  0.75200  1.00000  1.00000  0.99859  0.92802  0.89570  1.00000  1.00000  0.98625  0.92428  1.00000  0.93343  1.00000  0.99991  0.99626
2.112372621e+00  0.17515  0.99999  1.00000  0.99999  0.96182  0.96825  0.99989  1.00000  0.96979  0.20352  1.00000  0.89872  1.00000  0.99991  0.99579
2.133496347e+00  0.28164  0.99982  1.00000  0.99962  0.99904  0.93704  0.99514  1.00000  0.94160  0.30391  1.00000  0.91626  1.00000  0.99992  0.99647
2.154831311e+00  0.04638  1.00000  1.00000  0.99283  0.97719  0.17524  0.84805  1.00000  0.95888  0.26043  1.00000  0.91866  1.00000  0.99992  0.99723
2.176379624e+00  0.20206  1.00000  1.00000  0.89167  0.99670  0.82742  0.41708  1.00000  0.98138  0.53709  1.00000  0.89781  1.00000  0.99992  0.99736
2.198143420e+00  0.28939  1.00000  1.00000  0.52506  0.99988  0.99301  0.36232  1.00000  0.99952  0.94687  1.00000  0.96438  1.00000  0.99992  0.99703
2.220124854e+00  0.00728  0.99976  1.00000  0.00894  0.99967  0.67785  0.39296  1.00000  0.99999  0.87591  1.00000  0.99903  1.00000  0.99993  0.99683
2.242326103e+00  0.00005  1.00000  1.00000  0.00006  0.99999  0.97828  0.30358  1.00000  1.00000  0.82357  1.00000  0.99991  1.00000  0.99993  0.99702
2.264749364e+00  0.00000  1.00000  1.00000  0.00040  0.99986  0.97540  0.12995  1.00000  1.00000  0.06553  1.00000  0.99990  1.00000  0.99993  0.99711
2.287396858e+00  0.00001  1.00000  1.00000  0.00049  0.99999  0.92691  0.01222  1.00000  1.00000  0.39510  1.00000  0.99981  1.00000  0.99994  0.99691
2.310270826e+00  0.00200  1.00000  1.00000  0.03656  0.99999  0.54719  0.01337  1.00000  1.00000  0.66502  1.00000  0.99889  1.00000  0.99994  0.99650
2.333373534e+00  0.00382  1.00000  1.00000  0.24353  1.00000  0.98786  0.00694  1.00000  1.00000  0.94932  1.00000  0.99642  1.00000  0.99994  0.99596
2.356707270e+00  0.00580  1.00000  1.00000  0.52969  1.00000  0.43322  0.00715  1.00000  1.00000  0.99867  1.00000  0.97520  1.00000  0.99994  0.99533
2.380274343e+00  0.01112  1.00000  1.00000  0.72116  0.99999  0.94522  0.01171  1.00000  1.00000  0.99999  1.00000  0.89699  1.00000  0.99994  0.99478
2.404077086e+00  0.17366  0.99986  1.00000  0.90085  0.99992  0.85503  0.19347  1.00000  0.99999  1.00000  1.00000  0.82486  1.00000  0.99995  0.99496
2.428117857e+00  0.18718  0.99999  1.00000  0.99164  1.00000  0.69843  0.23284  1.00000  0.99982  0.99976  1.00000  0.76753  1.00000  0.99995  0.99616
2.452399035e+00  0.28236  1.00000  1.00000  0.97521  1.00000  0.97060  0.48989  1.00000  0.99854  0.67540  1.00000  0.76391  1.00000  0.99995  0.99749
2.476923026e+00  0.22018  1.00000  1.00000  0.99899  0.99996  0.60626  0.72672  1.00000  0.98323  0.65960  1.00000  0.58308  1.00000  0.99995  0.99842
2.501692256e+00  0.02052  1.00000  1.00000  1.00000  0.99917  0.04230  0.73487  1.00000  0.92060  0.97972  1.00000  0.41717  1.00000  0.99995  0.99900
2.526709179e+00  0.06011  1.00000  1.00000  1.00000  0.99962  0.31444  0.62111  1.00000  0.69494  0.98326  1.00000  0.17478  1.00000  0.99996  0.99935
2.551976270e+00  0.02895  1.00000  1.00000  1.00000  0.99992  0.80420  0.57659  1.00000  0.30411  0.90533  1.00000  0.07394  1.00000  0.99996  0.99956
2.577496033e+00  0.00151  1.00000  1.00000  1.00000  0.99903  0.96197  0.23608  1.00000  0.04948  0.92945  1.00000  0.00385  1.00000  0.99996  0.99967
2.603270993e+00  0.00000  1.00000  1.00000  1.00000  0.99806  0.17737  0.37884  1.00000  0.00213  0.09465  1.00000  0.00000  1.00000  0.99996  0.99973
2.629303703e+00  0.00000  0.99999  1.00000  1.00000  0.99986  0.84407  0.86066  1.00000  0.00000  0.16943  1.00000  0.00000  1.00000  0.99996  0.99978
2.655596740e+00  0.00000  1.00000  1.00000  1.00000  0.94889  0.64878  0.97897  1.00000  0.00012  0.20287  1.00000  0.00000  1.00000  0.99996  0.99984
2.682152708e+00  0.00000  0.99999  1.00000  1.00000  0.10326  0.46063  0.99269  1.00000  0.00235  0.08541  1.00000  0.00000  1.00000  0.99997  0.99989
2.708974235e+00  0.00000  1.00000  1.00000  1.00000  0.00647  0.05817  0.99765  1.00000  0.14473  0.70606  1.00000  0.00000  1.00000  0.99997  0.99992
2.736063977e+00  0.00000  1.00000  1.00000  1.00000  0.09568  0.61140  0.99714  1.00000  0.66458  0.55867  1.00000  0.00000  1.00000  0.99997  0.99993
2.763424617e+00  0.00000  1.00000  1.00000  0.99772  0.00865  0.96652  0.99743  1.00000  0.85123  0.08501  1.00000  0.00000  1.00000  0.99997  0.99993
2.791058863e+00  0.00004  1.00000  1.00000  0.91312  0.01457  0.97107  0.99895  1.00000  0.73261  0.74944  1.00000  0.00020  0.99986  0.99997  0.99993
2.818969452e+00  0.00617  1.00000  1.00000  0.45006  0.16380  0.97786  0.99062  1.00000  0.52525  0.89559  1.00000  0.08991  0.99073  0.99997  0.99994
2.847159146e+00  0.00131  1.00000  1.00000  0.06819  0.36064  0.99664  0.98026  1.00000  0.60863  0.39926  1.00000  0.09451  0.88963  0.99997  0.99996
2.875630738e+00  0.00007  1.00000  1.00000  0.00683  0.88958  0.74434  0.98919  1.00000  0.62776  0.03442  1.00000  0.42593  0.67588  0.99997  0.99998
2.904387045e+00  0.00000  1.00000  1.00000  0.00003  0.99856  0.17471  0.99352  1.00000  0.75916  0.00000  1.00000  0.62668  0.57807  0.99997  0.99999
2.933430916e+00  0.00001  1.00000  1.00000  0.00013  0.99978  0.81703  0.99890  1.00000  0.96193  0.18574  1.00000  0.62381  0.61287  0.99998  0.99999
2.962765225e+00  0.00001  1.00000  1.00000  0.00029  0.99413  0.88784  0.99608  1.00000  0.99621  0.14920  1.00000  0.51669  0.74538  0.99998  1.00000
2.992392877e+00  0.00005  1.00000  1.00000  0.00253  0.94222  0.92034  0.99253  1.00000  0.99942  0.05011  1.00000  0.57246  0.81149  0.99998  1.00000
3.022316806e+00  0.00067  1.00000  1.00000  0.00414  0.99173  0.64265  0.99768  1.00000  0.99988  0.49651  1.00000  0.39310  0.89310  0.99998  1.00000
3.052539974e+00  0.00116  1.00000  1.00000  0.00810  0.99926  0.44144  0.99972  1.00000  1.00000  0.81378  1.00000  0.07994  0.96534  0.99998  1.00000
3.083065373e+00  0.00079  1.00000  1.00000  0.02147  0.99994  0.75183  0.99976  1.00000  1.00000  0.99945  1.00000  0.06754  0.96660  0.99998  1.00000
3.113896027e+00  0.00085  1.00000  1.00000  0.01813  0.99911  0.81562  0.99364  1.00000  1.00000  0.98268  1.00000  0.01740  0.95816  0.99998  1.00000
3.145034987e+00  0.00665  1.00000  1.00000  0.07790  0.99369  0.02397  0.92550  1.00000  1.00000  0.75130  1.00000  0.05332  0.98608  0.99998  1.00000
3.176485337e+00  0.09617  1.00000  1.00000  0.37277  0.99848  0.34417  0.65953  1.00000  1.00000  0.79661  1.00000  0.45520  0.99158  0.99998  1.00000
3.208250191e+00  0.00228  1.00000  1.00000  0.66750  0.99994  0.10687  0.25504  1.00000  1.00000  0.99935  1.00000  0.01915  0.99461  0.99998  1.00000
3.240332693e+00  0.00001  1.00000  1.00000  0.85986  1.00000  0.01043  0.00312  1.00000  1.00000  0.98179  1.00000  0.10351  0.99263  0.99998  1.00000
3.272736020e+00  0.00000  1.00000  0.98398  0.98246  1.00000  0.00095  0.00000  1.00000  1.00000  0.78720  1.00000  0.23997  0.99441  0.99998  1.00000
3.305463380e+00  0.00000  1.00000  0.64330  0.98202  0.99999  0.01601  0.00000  1.00000  1.00000  0.90764  1.00000  0.53138  0.99343  0.99998  1.00000
3.338518014e+00  0.00000  1.00000  0.00000  0.91642  0.99986  0.38073  0.00000  1.00000  1.00000  0.99497  1.00000  0.79486  0.99002  0.99998  1.00000
3.371903194e+00  0.00049  1.00000  0.02742  0.74789  0.99962  0.98430  0.00054  1.00000  0.99998  0.99889  1.00000  0.92003  0.94419  0.99999  1.00000
3.405622226e+00  0.01373  1.00000  0.74471  0.80773  1.00000  0.91647  0.01504  1.00000  0.99991  0.99714  1.00000  0.96528  0.95429  0.99999  1.00000
3.439678448e+00  0.03142  1.00000  1.00000  0.97374  1.00000  0.61524  0.03687  1.00000  0.99943  0.91653  1.00000  0.96546  0.97885  0.99999  1.00000
3.474075232e+00  0.02558  1.00000  1.00000  0.64740  1.00000  0.48917  0.04210  1.00000  0.99704  0.98223  1.00000  0.93532  0.98985  0.99999  1.00000
3.508815985e+00  0.02881  1.00000  1.00000  0.95528  1.00000  0.67371  0.03232  1.00000  0.98708  0.98708  1.00000  0.85476  0.99790  0.99999  0.99999
3.543904145e+00  0.03104  1.00000  1.00000  0.87674  1.00000  0.86060  0.03526  1.00000  0.95878  0.51151  1.00000  0.76872  0.99977  0.99999  0.99984
3.579343186e+00  0.00000  1.00000  1.00000  0.92404  0.99976  0.18493  0.02714  1.00000  0.87006  0.00332  1.00000  0.65780  0.99999  0.99999  0.99968
3.615136618e+00  0.00021  1.00000  1.00000  0.96519  0.99436  0.00048  0.17525  1.00000  0.72378  0.24867  1.00000  0.55711  1.00000  0.99999  0.99954
3.651287984e+00  0.01459  1.00000  1.00000  0.98285  0.99561  0.03116  0.42138  1.00000  0.53857  0.55914  1.00000  0.66343  1.00000  0.99999  0.99932
3.687800864e+00  0.03851  1.00000  1.00000  0.96082  0.99988  0.10496  0.53870  1.00000  0.26257  0.92155  1.00000  0.62083  1.00000  0.99999  0.99897
3.724678873e+00  0.04799  1.00000  1.00000  0.91168  0.99990  0.51246  0.41615  1.00000  0.10073  0.99979  1.00000  0.70470  1.00000  0.99999  0.99829
3.761925661e+00  0.00842  1.00000  1.00000  0.85018  0.99898  0.94729  0.26964  1.00000  0.01360  1.00000  1.00000  0.75325  1.00000  0.99999  0.99748
3.799544918e+00  0.02318  1.00000  1.00000  0.82851  0.98025  0.99818  0.21491  1.00000  0.05280  1.00000  1.00000  0.91470  1.00000  0.99999  0.99633
3.837540367e+00  0.07092  1.00000  1.00000  0.75118  0.95695  0.99993  0.21841  1.00000  0.17510  0.78500  1.00000  0.98018  1.00000  0.99999  0.99433
3.875915771e+00  0.00223  1.00000  1.00000  0.56964  0.99784  0.99832  0.38080  1.00000  0.21132  0.01678  1.00000  0.99740  1.00000  0.99999  0.99147
3.914674928e+00  0.00002  1.00000  1.00000  0.69177  0.99994  0.97049  0.38830  1.00000  0.47177  0.00006  1.00000  0.99940  1.00000  0.99999  0.98742
3.953821678e+00  0.00076  1.00000  1.00000  0.53372  0.99843  0.81164  0.66910  1.00000  0.61708  0.00111  1.00000  0.99970  1.00000  0.99999  0.98204
3.993359894e+00  0.03322  1.00000  1.00000  0.66414  0.97274  0.51907  0.73223  1.00000  0.69605  0.05280  1.00000  0.99992  1.00000  0.99999  0.97583
4.033293493e+00  0.00204  1.00000  1.00000  0.50543  0.98742  0.55135  0.84025  1.00000  0.57349  0.00321  1.00000  0.99998  1.00000  0.99999  0.96881
4.073626428e+00  0.00003  1.00000  1.00000  0.64890  0.99946  0.76707  0.93834  1.00000  0.45850  0.00005  1.00000  0.99997  0.99914  0.99999  0.96099
4.114362693e+00  0.00088  1.00000  1.00000  0.68037  1.00000  0.84183  0.96464  1.00000  0.23971  0.00271  1.00000  1.00000  0.91542  0.99999  0.95342
4.155506320e+00  0.00440  1.00000  1.00000  0.80300  0.98909  0.17045  0.98709  0.99999  0.10905  0.09905  1.00000  0.99999  0.33497  0.99999  0.94853
4.197061383e+00  0.00028  1.00000  1.00000  0.57122  0.13671  0.62751  0.98802  0.99997  0.04029  0.77846  1.00000  1.00000  0.02091  0.99999  0.94666
4.239031997e+00  0.00000  1.00000  1.00000  0.91865  0.00497  0.97648  0.96607  0.99998  0.28949  0.83566  1.00000  1.00000  0.00037  0.99999  0.95339
4.281422317e+00  0.00000  1.00000  1.00000  0.87196  0.00000  0.99672  0.96604  0.99996  0.19605  0.07310  1.00000  0.99999  0.01041  0.99999  0.95945
4.324236540e+00  0.00000  1.00000  1.00000  0.89616  0.00000  0.99938  0.96244  0.99999  0.31636  0.00212  1.00000  1.00000  0.02734  0.99999  0.96302
4.367478905e+00  0.00000  1.00000  1.00000  0.86442  0.00000  0.99191  0.97736  0.99998  0.38041  0.28401  1.00000  0.99999  0.00581  0.99999  0.96136
4.411153694e+00  0.00000  1.00000  1.00000  0.93540  0.00000  0.81383  0.96156  0.99999  0.77176  0.32259  1.00000  0.99997  0.01522  0.99999  0.96579
4.455265231e+00  0.00000  1.00000  1.00000  0.97189  0.37523  0.31761  0.92357  1.00000  0.94687  0.02402  1.00000  0.99987  0.14494  0.99999  0.97163
4.499817883e+00  0.00000  1.00000  1.00000  0.99132  0.94853  0.03022  0.93661  1.00000  0.99345  0.00000  1.00000  0.99939  0.27479  0.99999  0.97811
4.544816062e+00  0.00000  1.00000  1.00000  0.99571  0.99955  0.00076  0.91709  1.00000  0.99921  0.00000  1.00000  0.99984  0.53585  0.99999  0.98397
4.590264223e+00  0.00000  1.00000  1.00000  0.99959  1.00000  0.00011  0.96385  1.00000  0.99995  0.00000  1.00000  0.99689  0.67149  1.00000  0.98864
4.636166865e+00  0.00044  1.00000  1.00000  0.99999  1.00000  0.00752  0.95535  1.00000  1.00000  0.00812  1.00000  0.99948  0.80230  1.00000  0.99211
4.682528534e+00  0.00041  1.00000  1.00000  1.00000  0.99973  0.00138  0.98112  1.00000  1.00000  0.69065  1.00000  0.99486  0.86536  1.00000  0.99469
4.729353819e+00  0.00004  1.00000  1.00000  1.00000  0.99917  0.00007  0.99764  1.00000  1.00000  0.97639  1.00000  0.96431  0.66057  1.00000  0.99657
4.776647357e+00  0.00000  1.00000  1.00000  1.00000  0.91529  0.00000  0.99992  1.00000  1.00000  1.00000  1.00000  0.98625  0.77884  1.00000  0.99783
4.824413831e+00  0.00000  1.00000  1.00000  0.99988  0.29590  0.00000  1.00000  1.00000  1.00000  1.00000  1.00000  0.97497  0.82844  1.00000  0.99859
4.872657969e+00  0.00000  1.00000  1.00000  0.99952  0.58210  0.00000  1.00000  1.00000  1.00000  1.00000  1.00000  0.98033  0.82190  1.00000  0.99910
4.921384549e+00  0.00062  1.00000  1.00000  0.99779  0.89827  0.00063  1.00000  1.00000  1.00000  1.00000  1.00000  0.90886  0.88954  1.00000  0.99942
4.970598394e+00  0.00776  1.00000  1.00000  0.99376  0.97449  0.00797  1.00000  1.00000  1.00000  1.00000  1.00000  0.95087  0.89242  1.00000  0.99961
